acquire 1574
    0381 1574 1578 2510 2580
    2659 2694 2724 2819 2880
    2941 2956 3016 3029 3225
    3242 3466 3761 3872 3892
    4409 4465 4570 4633 4724
    4736 4755 4930 4957 4976
    5031 5358 5391 5462 5475
    5980 6004 6018 6913 6934
    6955 8110 8281 8328 8364
acquiresleep 4722
    0390 4577 4592 4722 5411
    5460
allocproc 2505
    2505 2557 2632
allocuvm 1927
    0431 1927 1941 1947 2610
    6751 6765
alltraps 3354
    3309 3317 3330 3335 3353
    3354
ALT 7810
    7810 7838 7840
argfd 6171
    6171 6223 6238 6257 6268
    6281
argint 3652
    0405 3652 3666 3682 3833
    3856 3870 6176 6238 6257
    6508 6575 6576 6632
argptr 3661
    0406 3661 6238 6257 6281
    6657
argstr 3679
    0407 3679 6307 6408 6508
    6557 6574 6608 6632
__attribute__ 1305
    0272 0367 1209 1305
BACK 8661
    8661 8774 8920 9189
backcmd 8696 8914
    8696 8709 8775 8914 8916
    9042 9155 9190
BACKSPACE 8200
    8200 8217 8259 8292 8298
balloc 5116
    5116 5136 5517 5525 5529
BBLOCK 4210
    4210 5123 5157
B_DIRTY 3962
    3962 4394 4418 4423 4460
    4478 4586 4619 5039
begin_op 4928
    0336 2689 4928 6033 6124
    6310 6411 6511 6556 6573
    6607 6721
bfree 5152
    5152 5564 5574 5577
bget 4566
    4566 4596 4606
binit 4538
    0263 1230 4538
bmap 5510
    5252 5510 5536 5620 5670
bootmain 9317
    9268 9317
BPB 4207
    4207 4210 5122 5124 5158
bread 4602
    0264 4602 4877 4878 4890
    4906 4990 4991 5085 5106
    5123 5157 5311 5335 5414
    5526 5570 5620 5670
brelse 4626
    0265 4626 4629 4881 4882
    4897 4914 4994 4995 5087
    5109 5129 5134 5164 5317
    5320 5344 5422 5532 5576
    5623 5674
BSIZE 4155
    3959 4155 4174 4201 4207
    4380 4396 4419 4858 4879
    4992 5107 5620 5621 5622
    5666 5670 5671 5672
buf 3950
    0250 0264 0265 0266 0308
    0335 2120 2123 2132 2134
    3950 3956 3957 3958 4313
    4331 4334 4374 4406 4454
    4456 4459 4526 4530 4534
    4540 4553 4565 4568 4601
    4604 4615 4626 4806 4877
    4878 4890 4891 4897 4906
    4907 4913 4914 4990 4991
    5022 5070 5083 5104 5119
    5154 5307 5332 5405 5513
    5559 5606 5656 8030 8041
    8045 8048 8268 8290 8304
    8338 8359 8366 8784 8787
    8788 8789 8803 8815 8816
    8818 8819 8820 8824
B_VALID 3961
    3961 4422 4460 4478 4607
bwrite 4615
    0266 4615 4618 4880 4913
    4993
bzero 5102
    5102 5130
C 7831 8274
    7831 7879 7904 7905 7906
    7907 7908 7910 8274 8284
    8288 8295 8306 8339
CAPSLOCK 7812
    7812 7845 7986
cgaputc 8205
    8205 8263
clearpteu 2022
    0440 2022 2028 6767
cli 0557
    0557 0559 1124 1672 8160
    8254 9212
cmd 8665
    8665 8677 8686 8687 8692
    8693 8698 8702 8706 8715
    8718 8723 8731 8737 8741
    8751 8775 8777 8852 8855
    8857 8858 8859 8860 8863
    8864 8866 8868 8869 8870
    8871 8872 8873 8874 8875
    8876 8879 8880 8882 8884
    8885 8886 8887 8888 8889
    8900 8901 8903 8905 8906
    8907 8908 8909 8910 8913
    8914 8916 8918 8919 8920
    8921 8922 9012 9013 9014
    9015 9017 9021 9024 9030
    9031 9034 9037 9039 9042
    9046 9048 9050 9053 9055
    9058 9060 9063 9064 9075
    9078 9081 9085 9100 9103
    9108 9112 9113 9116 9121
    9122 9128 9137 9138 9144
    9145 9151 9152 9161 9164
    9166 9172 9173 9178 9184
    9190 9191 9194
CMOS_PORT 7577
    7577 7591 7592 7634
cmos_read 7632
    7632 7643 7644 7645 7646
    7647 7648 7657 7664
CMOS_RETURN 7578
    7578 7637
CMOS_STATA 7620
    7620 7664
CMOS_STATB 7621
    7621 7657
cmostime 7652
    0325 7652
CMOS_UIP 7622
    7622 7664
COM1 8414
    8414 8424 8427 8428 8429
    8430 8431 8432 8435 8441
    8442 8457 8459 8467 8469
commit 5001
    4853 4975 5001
CONSOLE 4286
    4286 8378 8379
consoleinit 8374
    0269 1226 8374
consoleintr 8277
    0271 7998 8277 8475
consoleread 8321
    8321 8379
consolewrite 8359
    8359 8378
consputc 8251
    8017 8048 8118 8136 8139
    8143 8144 8251 8292 8298
    8305 8366
context 2326
    0251 0378 2303 2326 2345
    2541 2542 2543 2544 2831
    2872 3078
CONV 7673
    7673 7674 7675 7676 7677
    7678 7679 7680
copyout 2118
    0439 2118 6775 6786
copyuvm 2035
    0436 2035 2046 2048 2637
counter 2422
    2422 3087 3723 3762
cprintf 8102
    0270 1254 1941 1947 3076
    3080 3082 3490 3503 3508
    3767 5251 6725 7759 8102
    8163 8164 8165 8168
cpu 2301
    0311 0363 1254 1268 1506
    1566 1590 1608 1656 1717
    2301 2312 2452 2474 2811
    3490 3503 3508 7313
cpuid 2432
    0358 1254 1723 2432 3465
    3491 3504 3511
CR0_PE 0707
    0707 1137 1170 9243
CR0_PG 0709
    0709 1054 1170
CR0_WP 0708
    0708 1054 1170
CR4_PSE 0711
    0711 1047 1163
create 6457
    6457 6476 6489 6493 6514
    6557 6577
CRTPORT 8201
    8201 8210 8211 8212 8213
    8231 8232 8233 8234
CTL 7809
    7809 7835 7839 7985
DAY 7627
    7627 7646
deallocuvm 1961
    0432 1942 1948 1961 2009
    2613
DEVSPACE 0204
    0204 1813 1826
devsw 4279
    4279 4284 5609 5611 5659
    5661 5962 8378 8379
dinode 4178
    4178 4201 5308 5312 5333
    5336 5406 5415
dirent 4215
    4215 5714 5755 6355 6404
dirlink 5752
    0288 5752 5767 5775 6330
    6488 6492 6493
dirlookup 5711
    0289 5711 5717 5721 5759
    5875 6423 6466
DIRSIZ 4213
    4213 4217 5705 5772 5828
    5829 5892 6304 6405 6460
DPL_USER 0761
    0761 1726 1727 2565 2566
    3423 3518 3528
E0ESC 7816
    7816 7970 7974 7975 7977
    7980
elfhdr 0905
    0905 6715 9319 9324
ELF_MAGIC 0902
    0902 6734 9330
ELF_PROG_LOAD 0936
    0936 6745
end_op 4953
    0337 2691 4953 6035 6129
    6312 6319 6337 6346 6413
    6447 6452 6516 6521 6527
    6536 6540 6558 6562 6578
    6582 6609 6615 6620 6724
    6759 6810
entry 1044
    0911 1040 1043 1044 3302
    3303 6799 7171 9321 9345
    9346
EOI 7466
    7466 7541 7567
ERROR 7487
    7487 7534
ESR 7469
    7469 7537 7538
exec 6710
    0275 6648 6710 6725 8568
    8629 8630 8726 8727
EXEC 8657
    8657 8722 8859 9165
execcmd 8669 8853
    8669 8710 8723 8853 8855
    9121 9127 9128 9156 9166
exit 2672
    0359 2672 2712 3455 3459
    3519 3529 3818 8517 8520
    8561 8626 8631 8716 8725
    8735 8780 8827 8834
EXTMEM 0202
    0202 0208 1810
fdalloc 6203
    6203 6225 6532 6662
fetchint 3618
    0408 3618 3654 6639
fetchstr 3632
    0409 3632 3684 6645
file 4250
    0252 0278 0279 0280 0282
    0283 0284 0351 2348 4250
    5071 5960 5965 5975 5978
    5981 6001 6002 6014 6016
    6052 6065 6102 6165 6171
    6174 6203 6220 6234 6253
    6266 6278 6505 6654 6858
    6872 8011 8409 8678 8733
    8734 8864 8872 9072
filealloc 5976
    0278 5976 6532 6878
fileclose 6014
    0279 2684 6014 6020 6271
    6534 6665 6666 6904 6906
filedup 6002
    0280 2652 6002 6006 6227
fileinit 5969
    0281 1231 5969
fileread 6065
    0282 6065 6080 6240
filestat 6052
    0283 6052 6283
filewrite 6102
    0284 6102 6134 6139 6259
fill_rtcdate 7641
    7641 7663 7666
FL_IF 0704
    0704 1674 1681 2457 2569
    2869
fork 2625
    0360 2625 3812 8560 8623
    8625 8842 8844
fork1 8838
    8700 8742 8754 8761 8776
    8823 8838
forkret 2903
    2417 2544 2903
freerange 3201
    3161 3185 3191 3201
freevm 2003
    0433 1831 2003 2008 2062
    2737 6802 6807
FSSIZE 0162
    0162 4378
gatedesc 0855
    0523 0526 0855 3411
getcallerpcs 1627
    0382 1591 1627 3078 8166
getcmd 8784
    8784 8815
gettoken 8956
    8956 9041 9045 9057 9070
    9071 9107 9111 9133
growproc 2603
    0361 2603 3859
havedisk1 4333
    4333 4363 4462
holding 1652
    0383 1577 1604 1652 2863
holdingsleep 4751
    0392 4458 4617 4628 4751
    5433
HOURS 7626
    7626 7645
ialloc 5304
    0290 5304 5322 6475 6476
IBLOCK 4204
    4204 5311 5335 5414
ICRHI 7480
    7480 7544 7602 7614
ICRLO 7470
    7470 7545 7546 7603 7605
    7615
ID 7463
    7463 7504 7559
IDE_BSY 4316
    4316 4342
IDE_CMD_RDMUL 4323
    4323 4382
IDE_CMD_READ 4321
    4321 4382
IDE_CMD_WRITE 4322
    4322 4383
IDE_CMD_WRMUL 4324
    4324 4383
IDE_DF 4318
    4318 4344
IDE_DRDY 4317
    4317 4342
IDE_ERR 4319
    4319 4344
ideinit 4351
    0306 1232 4351
ideintr 4404
    0307 3474 4404
idelock 4330
    4330 4355 4409 4412 4430
    4465 4479 4483
iderw 4454
    0308 4454 4459 4461 4463
    4608 4620
idestart 4374
    4334 4374 4377 4385 4428
    4475
idewait 4338
    4338 4357 4387 4418
idtinit 3429
    0416 1255 3429
idup 5389
    0291 2653 5389 5862
iget 5354
    5257 5318 5354 5374 5729
    5860
iinit 5242
    0292 2914 5242
ilock 5403
    0293 5403 5409 5425 5865
    6055 6074 6125 6316 6329
    6342 6417 6425 6464 6468
    6478 6524 6612 6728 8333
    8353 8368
inb 0453
    0453 4342 4362 7446 7637
    7964 7967 8211 8213 8435
    8441 8442 8457 8467 8469
    9223 9231 9354
initlock 1562
    0384 1562 2427 3183 3425
    4355 4542 4715 4862 5246
    5971 6886 8376
initlog 4856
    0334 2915 4856 4859
initsleeplock 4713
    0393 4556 4713 5248
inituvm 1886
    0434 1886 1891 2562
inode 4262
    0253 0288 0289 0290 0291
    0293 0294 0295 0296 0297
    0299 0300 0301 0302 0303
    0435 1903 2349 4256 4262
    4280 4281 5074 5238 5248
    5257 5303 5330 5353 5356
    5362 5388 5389 5403 5431
    5458 5482 5510 5556 5588
    5603 5653 5710 5711 5752
    5756 5854 5857 5889 5900
    6305 6352 6403 6456 6459
    6506 6554 6569 6604 6716
    8321 8359
INPUT_BUF 8266
    8266 8268 8290 8302 8304
    8306 8338
insl 0462
    0462 0464 4419 9373
install_trans 4872
    4872 4921 5006
INT_DISABLED 7719
    7719 7764
ioapic 7727
    7408 7425 7426 7724 7727
    7736 7737 7743 7744 7755
IOAPIC 7708
    7708 7755
ioapicenable 7770
    0311 4356 7770 8382 8443
ioapicid 7315
    0312 7315 7426 7758 7759
ioapicinit 7751
    0313 1225 7751 7759
ioapicread 7734
    7734 7756 7757
ioapicwrite 7741
    7741 7764 7765 7775 7776
IPB 4201
    4201 4204 5312 5336 5415
iput 5458
    0294 2690 5458 5485 5760
    5883 6034 6335 6619
IRQ_COM1 3283
    3283 3484 8443
IRQ_ERROR 3285
    3285 7534
IRQ_IDE 3284
    3284 3473 3477 4356
IRQ_KBD 3282
    3282 3480 8382
IRQ_SPURIOUS 3286
    3286 3489 7514
IRQ_TIMER 3281
    3281 3464 3524 7521
isdirempty 6352
    6352 6359 6429
itrunc 5556
    5074 5467 5556
iunlock 5431
    0295 5431 5434 5484 5872
    6057 6077 6128 6325 6539
    6618 8326 8363
iunlockput 5482
    0296 5482 5867 5876 5879
    6318 6331 6334 6345 6430
    6441 6445 6451 6467 6471
    6495 6526 6535 6561 6581
    6614 6758 6809
iupdate 5330
    0297 5330 5469 5582 5679
    6324 6344 6439 6444 6482
    6486
kalloc 3237
    0316 1284 1744 1823 1892
    1939 2051 2526 3237 6880
KBDATAP 7804
    7804 7967
kbdgetc 7956
    7956 7998
kbdintr 7996
    0322 3481 7996
KBS_DIB 7803
    7803 7965
KBSTATP 7802
    7802 7964
KERNBASE 0207
    0207 0208 0210 0211 0213
    0214 1310 1634 1810 1932
    2009
KERNLINK 0208
    0208 1811 9410
KEY_DEL 7828
    7828 7869 7891 7915
KEY_DN 7822
    7822 7865 7887 7911
KEY_END 7820
    7820 7868 7890 7914
KEY_HOME 7819
    7819 7868 7890 7914
KEY_INS 7827
    7827 7869 7891 7915
KEY_LF 7823
    7823 7867 7889 7913
KEY_PGDN 7826
    7826 7866 7888 7912
KEY_PGUP 7825
    7825 7866 7888 7912
KEY_RT 7824
    7824 7867 7889 7913
KEY_UP 7821
    7821 7865 7887 7911
kfree 3214
    0317 1949 1977 1979 2013
    2016 2055 2638 2735 3206
    3214 3219 6902 6923
kill 3025
    0362 3025 3509 3835 8567
kinit1 3181
    0318 1219 3181
kinit2 3189
    0319 1234 3189
KSTACKSIZE 0151
    0151 1058 1067 1285 1874
    2530
kvmalloc 1840
    0428 1220 1840
lapiceoi 7564
    0328 3471 3475 3482 3486
    3492 7564
lapicid 7555
    0326 2460 7555 8163
lapicinit 7508
    0329 1222 1245 7508
lapicstartap 7583
    0330 1289 7583
lapicw 7501
    7501 7514 7520 7521 7522
    7525 7526 7531 7534 7537
    7538 7541 7544 7545 7551
    7567 7602 7603 7605 7614
    7615
lcr3 0590
    0590 1855 1879
lgdt 0512
    0512 0520 1135 1728 9241
lidt 0526
    0526 0534 3431
LINT0 7485
    7485 7525
LINT1 7486
    7486 7526
LIST 8660
    8660 8740 8907 9183
listcmd 8690 8901
    8690 8711 8741 8901 8903
    9046 9157 9184
loaduvm 1903
    0435 1903 1909 1912 6755
lock 3750
    0574 1652 1656 2410 2427
    2510 2516 2523 2580 2584
    2659 2663 2694 2724 2743
    2752 2757 2819 2838 2863
    2864 2880 2883 2907 2940
    2941 2954 2955 3016 3018
    3029 3036 3040 3170 3183
    3225 3230 3242 3247 3750
    3761 3763 3954 4266 4458
    4529 4542 4556 4570 4576
    4577 4591 4592 4617 4628
    4631 4633 4645 4715 4839
    4862 4930 4933 4936 4939
    4957 4970 4976 4979 5031
    5040 5237 5246 5248 5358
    5365 5381 5391 5393 5411
    5433 5436 5460 5462 5464
    5473 5475 5477 5964 5971
    5980 5984 5988 6004 6008
    6018 6022 6028 6863 6886
    6913 6922 6925 6934 6938
    6942 6947 6955 6958 6961
    6969 8022 8110 8151 8281
    8314 8328 8332 8336 8352
    8364 8367 8376
log 4838 4850
    4838 4850 4862 4864 4865
    4866 4876 4877 4878 4890
    4893 4894 4895 4906 4909
    4910 4911 4922 4930 4932
    4933 4934 4936 4938 4939
    4957 4958 4959 4960 4961
    4963 4968 4970 4976 4977
    4978 4979 4989 4990 4991
    5003 5007 5026 5028 5031
    5032 5033 5036 5037 5038
    5040
logheader 4833
    4833 4845 4858 4859 4891
    4907
LOGSIZE 0160
    0160 4835 4934 5026
log_write 5022
    0335 5022 5029 5108 5128
    5163 5316 5343 5530 5673
ltr 0538
    0538 0540 1878
mappages 1760
    1760 1829 1894 1946 2054
MAXARG 0158
    0158 6628 6714 6772
MAXARGS 8663
    8663 8671 8672 9140
MAXFILE 4175
    4175 5666
MAXOPBLOCKS 0159
    0159 0160 0161 4934 6117
memcmp 7015
    0396 7015 7337 7388 7667
memmove 7031
    0397 1275 1895 2053 2132
    4879 4992 5086 5342 5421
    5622 5672 5829 5831 7031
    7054 8226
memset 7004
    0398 1747 1825 1893 1945
    2543 2564 3222 5107 5314
    6434 6635 7004 8228 8787
    8858 8869 8885 8906 8919
microdelay 7573
    0331 7573 7604 7606 7616
    7635 8458
min 5073
    5073 5621 5671
MINS 7625
    7625 7644
MONTH 7628
    7628 7647
mp 7152
    7152 7308 7329 7336 7337
    7338 7355 7360 7364 7365
    7368 7369 7380 7383 7385
    7387 7394 7405 7410 7442
MPBUS 7202
    7202 7429
mpconf 7163
    7163 7379 7382 7387 7406
mpconfig 7380
    7380 7410
mpenter 1241
    1241 1286
mpinit 7401
    0341 1221 7401
mpioapic 7189
    7189 7408 7425 7427
MPIOAPIC 7203
    7203 7424
MPIOINTR 7204
    7204 7430
MPLINTR 7205
    7205 7431
mpmain 1252
    1209 1236 1246 1252
mpproc 7178
    7178 7407 7417 7422
MPPROC 7201
    7201 7416
mpsearch 7356
    7356 7385
mpsearch1 7330
    7330 7364 7368 7371
multiboot_header 1029
    1028 1029
mycpu 2453
    0363 1256 1278 1590 1656
    1673 1674 1675 1683 1685
    1870 1871 1872 1873 1874
    1877 2433 2453 2458 2477
    2811 2865 2871 2872 2873
myproc 2473
    0364 2473 2606 2629 2674
    2722 2861 2881 2926 3454
    3456 3458 3501 3510 3512
    3518 3523 3528 3620 3635
    3654 3664 3755 3841 3858
    3875 4729 4756 5862 6178
    6206 6270 6605 6664 6719
    6937 6957 8331
namecmp 5703
    0298 5703 5724 6420
namei 5890
    0299 2574 5890 6311 6520
    6608 6723
nameiparent 5901
    0300 5855 5870 5882 5901
    6327 6412 6462
namex 5855
    5855 5893 5903
NBUF 0161
    0161 4530 4553
ncpu 7314
    1277 2313 2463 4356 7314
    7418 7419 7420
NCPU 0152
    0152 2312 7313 7418
NDEV 0156
    0156 5609 5659 5962
NDIRECT 4173
    4173 4175 4184 4274 5515
    5520 5524 5525 5562 5569
    5570 5577 5578
NELEM 0443
    0443 1828 3072 3758 6637
nextpid 2416
    2416 2521
NFILE 0154
    0154 5965 5981
NINDIRECT 4174
    4174 4175 5522 5572
NINODE 0155
    0155 5238 5247 5362
NO 7806
    7806 7852 7855 7857 7858
    7859 7860 7862 7874 7877
    7879 7880 7881 7882 7884
    7902 7903 7905 7906 7907
    7908
NOFILE 0153
    0153 2348 2650 2682 6178
    6208
NPDENTRIES 0791
    0791 1306 2010
NPROC 0150
    0150 2411 2512 2701 2728
    2820 3007 3030 3069
NSEGS 0721
    0721 2305
nulterminate 9152
    9015 9030 9152 9173 9179
    9180 9185 9186 9191
NUMLOCK 7813
    7813 7846
O_CREATE 4053
    4053 6513 9078 9081
O_RDONLY 4050
    4050 6525 9075
O_RDWR 4052
    4052 6546 8614 8616 8807
outb 0471
    0471 4360 4369 4388 4389
    4390 4391 4392 4393 4395
    4398 7445 7446 7591 7592
    7634 8210 8212 8231 8232
    8233 8234 8424 8427 8428
    8429 8430 8431 8432 8459
    9228 9236 9364 9365 9366
    9367 9368 9369
outsl 0483
    0483 0485 4396
outw 0477
    0477 1180 1182 9274 9276
O_WRONLY 4051
    4051 6545 6546 9078 9081
P2V 0211
    0211 1219 1234 1274 1742
    1826 1918 1978 2012 2053
    2111 7334 7362 7387 7593
    8202
panic 8155 8831
    0272 1578 1605 1682 1684
    1771 1827 1863 1865 1867
    1891 1909 1912 1977 2008
    2028 2046 2048 2458 2467
    2561 2679 2712 2864 2866
    2868 2870 2929 2932 3219
    3505 4377 4379 4385 4459
    4461 4463 4596 4618 4629
    4859 4960 5027 5029 5136
    5161 5322 5374 5409 5425
    5434 5536 5717 5721 5767
    5775 6006 6020 6080 6134
    6139 6359 6428 6436 6476
    6489 6493 7411 7440 8113
    8155 8163 8223 8701 8720
    8753 8831 8844 9028 9072
    9106 9110 9136 9141
panicked 8019
    8019 8169 8253
parseblock 9101
    9101 9106 9125
parsecmd 9018
    8702 8824 9018
parseexec 9117
    9014 9055 9117
parseline 9035
    9012 9024 9035 9046 9108
parsepipe 9051
    9013 9039 9051 9058
parseredirs 9064
    9064 9112 9131 9142
PCINT 7484
    7484 7531
pde_t 0103
    0103 0429 0430 0431 0432
    0433 0434 0435 0436 0439
    0440 1210 1260 1306 1710
    1735 1737 1760 1817 1820
    1823 1886 1903 1927 1961
    2003 2022 2034 2035 2037
    2102 2118 2339 6718
PDX 0782
    0782 1740 1973
PDXSHIFT 0796
    0782 0788 0796 1310
peek 9001
    9001 9025 9040 9044 9056
    9069 9105 9109 9124 9132
PGADDR 0788
    0788 1973
PGROUNDDOWN 0799
    0799 1765 1766 2125
PGROUNDUP 0798
    0798 1937 1969 3204 6764
PGSIZE 0793
    0793 0798 0799 1305 1747
    1775 1776 1825 1890 1893
    1894 1908 1910 1914 1917
    1938 1945 1946 1970 1973
    2044 2053 2054 2129 2135
    2563 2570 3205 3218 3222
    6753 6765 6767
PHYSTOP 0203
    0203 1234 1812 1826 1827
    3218
pinit 2425
    0365 1228 2425
pipe 6862
    0254 0352 0353 0354 4255
    6031 6072 6109 6862 6874
    6880 6886 6890 6894 6911
    6930 6951 8563 8752 8753
PIPE 8659
    8659 8750 8886 9177
pipealloc 6872
    0351 6659 6872
pipeclose 6911
    0352 6031 6911
pipecmd 8684 8880
    8684 8712 8751 8880 8882
    9058 9158 9178
piperead 6951
    0353 6072 6951
PIPESIZE 6860
    6860 6864 6936 6944 6966
pipewrite 6930
    0354 6109 6930
popcli 1679
    0387 1622 1657 1679 1682
    1684 1880 2479
printint 8027
    8027 8126 8130
proc 2337
    0255 0364 0369 0437 1205
    1558 1706 1860 2309 2337
    2343 2406 2411 2414 2472
    2475 2478 2504 2507 2512
    2554 2606 2628 2629 2674
    2675 2701 2720 2722 2728
    2810 2812 2820 2827 2836
    2861 2926 3005 3007 3027
    3030 3065 3069 3405 3509
    3605 3620 3635 3664 3755
    3807 4307 4708 5066 6161
    6206 6605 6704 6719 6854
    7311 7407 7417 7419 8014
    8411
procdump 3054
    0366 3054 8316
proghdr 0924
    0924 6717 9320 9334
PTE_ADDR 0807
    0807 1742 1913 1975 2012
    2049 2111
PTE_FLAGS 0808
    0808 2050
PTE_P 0801
    0801 1308 1310 1741 1751
    1770 1772 1974 2011 2047
    2107
PTE_PS 0804
    0804 1308 1310
pte_t 0811
    0811 1734 1738 1742 1744
    1763 1906 1963 2024 2038
    2104
PTE_U 0803
    0803 1751 1894 1946 2029
    2109
PTE_W 0802
    0802 1308 1310 1751 1810
    1812 1813 1894 1946
PTX 0785
    0785 1753
PTXSHIFT 0795
    0785 0788 0795
pushcli 1667
    0386 1576 1655 1667 1869
    2476
rcr2 0582
    0582 3504 3511
readeflags 0544
    0544 1671 1681 2457 2869
read_head 4888
    4888 4920
readi 5603
    0301 1918 5603 5720 5766
    6075 6358 6359 6732 6743
readsb 5081
    0287 4863 5081 5250
readsect 9360
    9360 9395
readseg 9379
    9314 9327 9338 9379
recover_from_log 4918
    4852 4867 4918
REDIR 8658
    8658 8730 8870 9171
redircmd 8675 8864
    8675 8713 8731 8864 8866
    9075 9078 9081 9159 9172
REG_ID 7710
    7710 7757
REG_TABLE 7712
    7712 7764 7765 7775 7776
REG_VER 7711
    7711 7756
release 1602
    0385 1602 1605 2516 2523
    2584 2663 2743 2752 2838
    2883 2907 2942 2955 3018
    3036 3040 3230 3247 3469
    3763 3876 3881 3894 4412
    4430 4483 4576 4591 4645
    4730 4740 4757 4939 4970
    4979 5040 5365 5381 5393
    5464 5477 5984 5988 6008
    6022 6028 6922 6925 6938
    6947 6958 6969 8151 8314
    8332 8352 8367
releasesleep 4734
    0391 4631 4734 5436 5473
ROOTDEV 0157
    0157 2914 2915 5860
ROOTINO 4154
    4154 5860
rtcdate 0950
    0256 0325 0950 7641 7652
    7654
run 3165
    3061 3165 3166 3172 3216
    3226 3239 7411
runcmd 8706
    8706 8720 8737 8743 8745
    8759 8766 8777 8824
RUNNING 2334
    2334 2829 2867 3061 3523
safestrcpy 7082
    0399 2573 2655 6793 7082
sb 5077
    0287 4204 4210 4861 4863
    4864 4865 5077 5081 5086
    5122 5123 5124 5157 5250
    5251 5252 5253 5254 5310
    5311 5335 5414 7655 7657
    7659
sched 2858
    0368 2711 2858 2864 2866
    2868 2870 2882 2948
scheduler 2808
    0367 1257 2303 2808 2831
    2872
SCROLLLOCK 7814
    7814 7847
SECS 7624
    7624 7643
SECTOR_SIZE 4315
    4315 4380
SECTSIZE 9312
    9312 9373 9386 9389 9394
SEG 0751
    0751 1724 1725 1726 1727
SEG16 0755
    0755 1870
SEG_ASM 0660
    0660 1189 1190 9284 9285
segdesc 0725
    0509 0512 0725 0751 0755
    2305
seginit 1715
    0427 1223 1244 1715
SEG_KCODE 0714
    0714 1143 1724 3422 3423
    9253
SEG_KDATA 0715
    0715 1153 1725 1873 3363
    9258
SEG_NULLASM 0654
    0654 1188 9283
SEG_TSS 0718
    0718 1870 1872 1878
SEG_UCODE 0716
    0716 1726 2565
SEG_UDATA 0717
    0717 1727 2566
SETGATE 0875
    0875 3422 3423
setupkvm 1818
    0429 1818 1842 2042 2560
    6737
SHIFT 7808
    7808 7836 7837 7985
skipelem 5815
    5815 5864
sleep 2924
    0370 2757 2924 2929 2932
    3059 3879 4479 4715 4726
    4933 4936 6942 6961 8336
    8579
sleeplock 4001
    0258 0390 0391 0392 0393
    3954 4001 4266 4311 4524
    4710 4713 4722 4734 4751
    4804 5068 5959 6164 6857
    8009 8407
spinlock 1501
    0257 0370 0381 0383 0384
    0385 0419 1501 1559 1562
    1574 1602 1652 2407 2410
    2924 3159 3170 3408 3413
    3608 3750 4003 4310 4330
    4523 4529 4709 4803 4839
    5067 5237 5958 5964 6163
    6856 6863 8008 8022 8406
STA_R 0667 0766
    0667 0766 1189 1724 1726
    9284
start 1123 8509 9211
    1122 1123 1166 1174 1176
    4840 4864 4877 4890 4906
    4990 5252 8508 8509 9210
    9211 9267
startothers 1264
    1208 1233 1264
stat 4104
    0259 0283 0302 4104 5064
    5588 6052 6159 6279 8603
stati 5588
    0302 5588 6056
STA_W 0666 0765
    0666 0765 1190 1725 1727
    9285
STA_X 0665 0764
    0665 0764 1189 1724 1726
    9284
sti 0563
    0563 0565 1686 2816
stosb 0492
    0492 0494 7010 9340
stosl 0501
    0501 0503 7008
strlen 7101
    0400 6774 6775 7101 8818
    9023
strncmp 7058
    0401 5705 7058
strncpy 7068
    0402 5772 7068
STS_IG32 0770
    0770 0881
STS_T32A 0769
    0769 1870
STS_TG32 0771
    0771 0881
sum 7318
    7318 7320 7322 7324 7325
    7337 7392
superblock 4163
    0260 0287 4163 4861 5077
    5081
SVR 7467
    7467 7514
switchkvm 1853
    0438 1243 1843 1853 2832
switchuvm 1860
    0437 1860 1863 1865 1867
    2617 2828 6801
swtch 3109
    0378 2831 2872 3108 3109
syscall 3752
    0410 3457 3607 3752
SYSCALL 8553 8560 8561 8562 8563 8564 8565 8566 8567 8568 8569 8570 8571 8572 8573 8574 8575 8576 8577 8578 8579 8580 8581
    8560 8561 8562 8563 8564
    8565 8566 8567 8568 8569
    8570 8571 8572 8573 8574
    8575 8576 8577 8578 8579
    8580 8581
sys_chdir 6601
    3700 3734 6601
SYS_chdir 3559
    3559 3734
sys_close 6263
    3701 3746 6263
SYS_close 3571
    3571 3746
sys_dup 6218
    3702 3735 6218
SYS_dup 3560
    3560 3735
sys_exec 6626
    3703 3732 6626
SYS_exec 3557
    3557 3732 8513
sys_exit 3816
    3704 3727 3816
SYS_exit 3552
    3552 3727 8518
sys_fork 3810
    3705 3726 3810
SYS_fork 3551
    3551 3726
sys_fstat 6276
    3706 3733 6276
SYS_fstat 3558
    3558 3733
sys_getpid 3839
    3707 3736 3839
SYS_getpid 3561
    3561 3736
sys_getreadcount 3901
    3721 3747 3901
SYS_getreadcount 3572
    3572 3747
sys_kill 3829
    3708 3731 3829
SYS_kill 3556
    3556 3731
sys_link 6302
    3709 3744 6302
SYS_link 3569
    3569 3744
sys_mkdir 6551
    3710 3745 6551
SYS_mkdir 3570
    3570 3745
sys_mknod 6567
    3711 3742 6567
SYS_mknod 3567
    3567 3742
sys_open 6501
    3712 3740 6501
SYS_open 3565
    3565 3740
sys_pipe 6651
    3713 3729 6651
SYS_pipe 3554
    3554 3729
sys_read 6232
    3714 3730 6232
SYS_read 3555
    3555 3730
sys_sbrk 3851
    3715 3737 3851
SYS_sbrk 3562
    3562 3737
sys_sleep 3865
    3716 3738 3865
SYS_sleep 3563
    3563 3738
sys_unlink 6401
    3717 3743 6401
SYS_unlink 3568
    3568 3743
sys_uptime 3888
    3720 3739 3888
SYS_uptime 3564
    3564 3739
sys_wait 3823
    3718 3728 3823
SYS_wait 3553
    3553 3728
sys_write 6251
    3719 3741 6251
SYS_write 3566
    3566 3741
taskstate 0814
    0814 2304
TDCR 7491
    7491 7520
T_DEV 4102
    4102 5608 5658 6577
T_DIR 4100
    4100 5716 5866 6317 6429
    6437 6484 6525 6557 6613
T_FILE 4101
    4101 6469 6514
ticks 3414
    0417 3414 3467 3468 3873
    3874 3879 3893
tickslock 3413
    0419 3413 3425 3466 3469
    3872 3876 3879 3881 3892
    3894
TICR 7489
    7489 7522
TIMER 7481
    7481 7521
T_IRQ0 3279
    3279 3464 3473 3477 3480
    3484 3488 3489 3524 7514
    7521 7534 7764 7775
TPR 7465
    7465 7551
trap 3451
    3302 3304 3369 3451 3503
    3505 3508
trapframe 0602
    0602 2344 2534 3451
trapret 3374
    2418 2539 3373 3374
T_SYSCALL 3276
    3276 3423 3453 8514 8519
    8557
tvinit 3417
    0418 1229 3417
uart 8416
    8416 8437 8455 8465
uartgetc 8463
    8463 8475
uartinit 8419
    0422 1227 8419
uartintr 8473
    0423 3485 8473
uartputc 8451
    0424 8260 8262 8447 8451
userinit 2552
    0371 1235 2552 2561
uva2ka 2102
    0430 2102 2126
V2P 0210
    0210 1287 1289 1751 1811
    1812 1855 1879 1894 1946
    2054 3218
V2P_WO 0213
    0213 1040 1050
VER 7464
    7464 7530
wait 2718
    0372 2718 3825 8562 8633
    8744 8770 8771 8825
waitdisk 9351
    9351 9363 9372
wakeup 3014
    0373 3014 3468 4424 4739
    4968 4978 6916 6919 6941
    6946 6968 8308
wakeup1 3003
    2420 2697 2705 3003 3017
walkpgdir 1735
    1735 1768 1911 1971 2026
    2045 2106
write_head 4904
    4904 4923 5005 5008
writei 5653
    0303 5653 5774 6126 6435
    6436
write_log 4985
    4985 5004
xchg 0569
    0569 1256 1581
YEAR 7629
    7629 7648
yield 2878
    0374 2878 3525
